0.000000	0.000000	2.500000	0.050000
0.000002	0.000000	2.500272	0.050004
0.000004	0.000000	2.500469	0.050016
0.000006	0.000000	2.500641	0.050021
0.000008	0.000000	2.500762	0.050006
0.000010	0.000000	2.500804	0.049974
0.000012	0.000000	2.500770	0.049960
0.000014	0.000000	2.500660	0.049957
0.000016	0.000000	2.500516	0.049927
0.000018	0.000000	2.500343	0.049884
0.000020	0.000000	2.500172	0.049854
0.000022	0.000000	2.500045	0.049829
0.000024	0.000000	2.499972	0.049780
0.000026	0.000000	2.499930	0.049731
0.000028	0.000000	2.499896	0.049694
0.000030	0.000000	2.499863	0.049649
0.000032	0.000000	2.499815	0.049610
0.000034	0.000000	2.499772	0.049576
0.000036	0.000000	2.499730	0.049549
0.000038	0.000000	2.499695	0.049517
0.000040	0.000000	2.499677	0.049488
0.000042	0.000000	2.499642	0.049483
0.000044	0.000000	2.499578	0.049505
0.000046	0.000000	2.499476	0.049563
0.000048	0.000000	2.499374	0.049634
0.000050	0.000000	2.499284	0.049683
0.000052	0.000000	2.499154	0.049699
0.000054	0.000000	2.499020	0.049696
0.000056	0.000000	2.498927	0.049678
0.000058	0.000000	2.498848	0.049622
0.000060	0.000000	2.498779	0.049538
0.000062	0.000000	2.498753	0.049477
0.000064	0.000000	2.498758	0.049457
0.000066	0.000000	2.498789	0.049454
0.000068	0.000000	2.498859	0.049464
0.000070	0.000000	2.498930	0.049492
0.000072	0.000000	2.498978	0.049515
0.000074	0.000000	2.499030	0.049536
0.000076	0.000000	2.499120	0.049552
0.000078	0.000000	2.499229	0.049567
0.000080	0.000000	2.499324	0.049600
0.000082	0.000000	2.499403	0.049622
0.000084	0.000000	2.499441	0.049620
0.000086	0.000000	2.499468	0.049599
0.000088	0.000000	2.499533	0.049561
0.000090	0.000000	2.499618	0.049508
0.000092	0.000000	2.499693	0.049432
0.000094	0.000000	2.499729	0.049368
0.000096	0.000000	2.499715	0.049327
0.000098	0.000000	2.499670	0.049273
0.000100	0.000000	2.499621	0.049206
0.000102	0.000000	2.499612	0.049168
0.000104	0.000000	2.499654	0.049190
0.000106	0.000000	2.499691	0.049247
0.000108	0.000000	2.499684	0.049327
0.000110	0.000000	2.499668	0.049432
0.000112	0.000000	2.499682	0.049525
0.000114	0.000000	2.499730	0.049561
0.000116	0.000000	2.499813	0.049525
0.000118	0.000000	2.499925	0.049454
0.000120	0.000000	2.500030	0.049403
0.000122	0.000000	2.500083	0.049379
0.000124	0.000000	2.500089	0.049361
0.000126	0.000000	2.500076	0.049339
0.000128	0.000000	2.500046	0.049330
0.000130	0.000000	2.499978	0.049337
0.000132	0.000000	2.499894	0.049330
0.000134	0.000000	2.499824	0.049305
0.000136	0.000000	2.499740	0.049282
0.000138	0.000000	2.499626	0.049256
0.000140	0.000000	2.499507	0.049223
0.000142	0.000000	2.499465	0.049202
0.000144	0.000000	2.499533	0.049212
0.000146	0.000000	2.499633	0.049244
0.000148	0.000000	2.499751	0.049278
0.000150	0.000000	2.499894	0.049321
0.000152	0.000000	2.500009	0.049355
0.000154	0.000000	2.500103	0.049366
0.000156	0.000000	2.500211	0.049378
0.000158	0.000000	2.500333	0.049394
0.000160	0.000000	2.500449	0.049430
0.000162	0.000000	2.500503	0.049497
0.000164	0.000000	2.500490	0.049558
0.000166	0.000000	2.500489	0.049609
0.000168	0.000000	2.500532	0.049645
0.000170	0.000000	2.500556	0.049631
0.000172	0.000000	2.500513	0.049570
0.000174	0.000000	2.500455	0.049481
0.000176	0.000000	2.500439	0.049366
0.000178	0.000000	2.500436	0.049257
0.000180	0.000000	2.500431	0.049164
0.000182	0.000000	2.500439	0.049077
0.000184	0.000000	2.500448	0.049031
0.000186	0.000000	2.500460	0.049041
0.000188	0.000000	2.500470	0.049099
0.000190	0.000000	2.500447	0.049168
0.000192	0.000000	2.500390	0.049199
0.000194	0.000000	2.500313	0.049192
0.000196	0.000000	2.500199	0.049161
0.000198	0.000000	2.500096	0.049101
0.000200	0.000000	2.500050	0.049027
0.000202	0.000000	2.499990	0.048979
0.000204	0.000000	2.499907	0.048971
0.000206	0.000000	2.499838	0.048981
0.000208	0.000000	2.499805	0.048979
0.000210	0.000000	2.499835	0.048968
0.000212	0.000000	2.499904	0.048995
0.000214	0.000000	2.499978	0.049061
0.000216	0.000000	2.499999	0.049139
0.000218	0.000000	2.499962	0.049210
0.000220	0.000000	2.499921	0.049291
0.000222	0.000000	2.499926	0.049408
0.000224	0.000000	2.499991	0.049521
0.000226	0.000000	2.500076	0.049608
0.000228	0.000000	2.500157	0.049678
0.000230	0.000000	2.500216	0.049733
0.000232	0.000000	2.500278	0.049767
0.000234	0.000000	2.500411	0.049764
0.000236	0.000000	2.500587	0.049732
0.000238	0.000000	2.500724	0.049698
0.000240	0.000000	2.500785	0.049660
0.000242	0.000000	2.500801	0.049634
0.000244	0.000000	2.500770	0.049637
0.000246	0.000000	2.500710	0.049644
0.000248	0.000000	2.500649	0.049651
0.000250	0.000000	2.500557	0.049665
0.000252	0.000000	2.500466	0.049663
0.000254	0.000000	2.500399	0.049654
0.000256	0.000000	2.500356	0.049669
0.000258	0.000000	2.500371	0.049733
0.000260	0.000000	2.500413	0.049809
0.000262	0.000000	2.500461	0.049857
0.000264	0.000000	2.500513	0.049898
0.000266	0.000000	2.500551	0.049942
0.000268	0.000000	2.500578	0.049971
0.000270	0.000000	2.500571	0.049974
0.000272	0.000000	2.500500	0.049958
0.000274	0.000000	2.500392	0.049922
0.000276	0.000000	2.500298	0.049893
0.000278	0.000000	2.500220	0.049887
0.000280	0.000000	2.500113	0.049879
0.000282	0.000000	2.499988	0.049883
0.000284	0.000000	2.499862	0.049894
0.000286	0.000000	2.499723	0.049892
0.000288	0.000000	2.499620	0.049867
0.000290	0.000000	2.499576	0.049805
0.000292	0.000000	2.499536	0.049717
0.000294	0.000000	2.499480	0.049625
0.000296	0.000000	2.499409	0.049537
0.000298	0.000000	2.499343	0.049469
0.000300	0.000000	2.499341	0.049428
0.000302	0.000000	2.499406	0.049390
0.000304	0.000000	2.499480	0.049351
0.000306	0.000000	2.499492	0.049315
0.000308	0.000000	2.499434	0.049288
0.000310	0.000000	2.499378	0.049302
0.000312	0.000000	2.499376	0.049372
0.000314	0.000000	2.499414	0.049446
0.000316	0.000000	2.499452	0.049474
0.000318	0.000000	2.499463	0.049460
0.000320	0.000000	2.499453	0.049429
0.000322	0.000000	2.499433	0.049404
0.000324	0.000000	2.499385	0.049395
0.000326	0.000000	2.499306	0.049378
0.000328	0.000000	2.499250	0.049347
0.000330	0.000000	2.499276	0.049304
0.000332	0.000000	2.499374	0.049249
0.000334	0.000000	2.499474	0.049198
0.000336	0.000000	2.499538	0.049189
0.000338	0.000000	2.499572	0.049226
0.000340	0.000000	2.499598	0.049281
0.000342	0.000000	2.499626	0.049351
0.000344	0.000000	2.499642	0.049418
0.000346	0.000000	2.499611	0.049460
0.000348	0.000000	2.499542	0.049505
0.000350	0.000000	2.499486	0.049523
0.000352	0.000000	2.499432	0.049496
0.000354	0.000000	2.499376	0.049468
0.000356	0.000000	2.499376	0.049460
0.000358	0.000000	2.499409	0.049457
0.000360	0.000000	2.499406	0.049425
0.000362	0.000000	2.499342	0.049376
0.000364	0.000000	2.499248	0.049355
0.000366	0.000000	2.499186	0.049358
0.000368	0.000000	2.499156	0.049361
0.000370	0.000000	2.499148	0.049362
0.000372	0.000000	2.499150	0.049369
0.000374	0.000000	2.499160	0.049414
0.000376	0.000000	2.499196	0.049500
0.000378	0.000000	2.499221	0.049595
0.000380	0.000000	2.499234	0.049694
0.000382	0.000000	2.499265	0.049782
0.000384	0.000000	2.499298	0.049835
0.000386	0.000000	2.499339	0.049845
0.000388	0.000000	2.499401	0.049802
0.000390	0.000000	2.499460	0.049736
0.000392	0.000000	2.499509	0.049674
0.000394	0.000000	2.499561	0.049606
0.000396	0.000000	2.499599	0.049557
0.000398	0.000000	2.499607	0.049557
0.000400	0.000000	2.499578	0.049586
0.000402	0.000000	2.499526	0.049621
0.000404	0.000000	2.499487	0.049656
0.000406	0.000000	2.499487	0.049694
0.000408	0.000000	2.499558	0.049727
0.000410	0.000000	2.499719	0.049748
0.000412	0.000000	2.499939	0.049753
0.000414	0.000000	2.500141	0.049751
0.000416	0.000000	2.500266	0.049766
0.000418	0.000000	2.500320	0.049793
0.000420	0.000000	2.500373	0.049800
0.000422	0.000000	2.500444	0.049793
0.000424	0.000000	2.500452	0.049811
0.000426	0.000000	2.500380	0.049825
0.000428	0.000000	2.500301	0.049808
0.000430	0.000000	2.500252	0.049794
0.000432	0.000000	2.500197	0.049793
0.000434	0.000000	2.500112	0.049769
0.000436	0.000000	2.500041	0.049725
0.000438	0.000000	2.499993	0.049693
0.000440	0.000000	2.499950	0.049668
0.000442	0.000000	2.499924	0.049631
0.000444	0.000000	2.499908	0.049587
0.000446	0.000000	2.499913	0.049531
0.000448	0.000000	2.499999	0.049471
0.000450	0.000000	2.500169	0.049426
0.000452	0.000000	2.500360	0.049374
0.000454	0.000000	2.500524	0.049320
0.000456	0.000000	2.500615	0.049325
0.000458	0.000000	2.500609	0.049406
0.000460	0.000000	2.500574	0.049529
0.000462	0.000000	2.500546	0.049652
0.000464	0.000000	2.500508	0.049755
0.000466	0.000000	2.500480	0.049824
0.000468	0.000000	2.500502	0.049829
0.000470	0.000000	2.500538	0.049788
0.000472	0.000000	2.500561	0.049765
0.000474	0.000000	2.500631	0.049766
0.000476	0.000000	2.500738	0.049766
0.000478	0.000000	2.500843	0.049739
0.000480	0.000000	2.500923	0.049689
0.000482	0.000000	2.500960	0.049654
0.000484	0.000000	2.501013	0.049642
0.000486	0.000000	2.501100	0.049647
0.000488	0.000000	2.501177	0.049674
0.000490	0.000000	2.501236	0.049712
0.000492	0.000000	2.501273	0.049745
0.000494	0.000000	2.501282	0.049754
0.000496	0.000000	2.501277	0.049750
0.000498	0.000000	2.501291	0.049760
0.000500	0.000000	2.501303	0.049798
0.000502	0.000000	2.501327	0.049837
0.000504	0.000000	2.501388	0.049843
0.000506	0.000000	2.501397	0.049832
0.000508	0.000000	2.501370	0.049806
0.000510	0.000000	2.501376	0.049749
0.000512	0.000000	2.501354	0.049712
0.000514	0.000000	2.501254	0.049721
0.000516	0.000000	2.501096	0.049738
0.000518	0.000000	2.500942	0.049771
0.000520	0.000000	2.500846	0.049821
0.000522	0.000000	2.500794	0.049853
0.000524	0.000000	2.500766	0.049859
0.000526	0.000000	2.500773	0.049846
0.000528	0.000000	2.500835	0.049822
0.000530	0.000000	2.500917	0.049794
0.000532	0.000000	2.500972	0.049766
0.000534	0.000000	2.501008	0.049747
0.000536	0.000000	2.501016	0.049729
0.000538	0.000000	2.500973	0.049719
0.000540	0.000000	2.500924	0.049742
0.000542	0.000000	2.500898	0.049802
0.000544	0.000000	2.500869	0.049847
0.000546	0.000000	2.500809	0.049848
0.000548	0.000000	2.500686	0.049850
0.000550	0.000000	2.500526	0.049847
0.000552	0.000000	2.500399	0.049844
0.000554	0.000000	2.500309	0.049867
0.000556	0.000000	2.500215	0.049885
0.000558	0.000000	2.500145	0.049893
0.000560	0.000000	2.500148	0.049893
0.000562	0.000000	2.500176	0.049881
0.000564	0.000000	2.500225	0.049869
0.000566	0.000000	2.500318	0.049875
0.000568	0.000000	2.500403	0.049871
0.000570	0.000000	2.500445	0.049809
0.000572	0.000000	2.500462	0.049717
0.000574	0.000000	2.500483	0.049664
0.000576	0.000000	2.500493	0.049659
0.000578	0.000000	2.500446	0.049650
0.000580	0.000000	2.500360	0.049631
0.000582	0.000000	2.500304	0.049634
0.000584	0.000000	2.500294	0.049650
0.000586	0.000000	2.500300	0.049656
0.000588	0.000000	2.500304	0.049642
0.000590	0.000000	2.500280	0.049623
0.000592	0.000000	2.500231	0.049598
0.000594	0.000000	2.500174	0.049580
0.000596	0.000000	2.500129	0.049589
0.000598	0.000000	2.500125	0.049622
0.000600	0.000000	2.500153	0.049669
0.000602	0.000000	2.500210	0.049711
0.000604	0.000000	2.500264	0.049759
0.000606	0.000000	2.500276	0.049834
0.000608	0.000000	2.500251	0.049947
0.000610	0.000000	2.500224	0.050084
0.000612	0.000000	2.500228	0.050194
0.000614	0.000000	2.500230	0.050264
0.000616	0.000000	2.500213	0.050297
0.000618	0.000000	2.500210	0.050294
0.000620	0.000000	2.500247	0.050255
0.000622	0.000000	2.500304	0.050181
0.000624	0.000000	2.500311	0.050078
0.000626	0.000000	2.500279	0.049962
0.000628	0.000000	2.500254	0.049866
0.000630	0.000000	2.500253	0.049796
0.000632	0.000000	2.500271	0.049753
0.000634	0.000000	2.500279	0.049744
0.000636	0.000000	2.500236	0.049759
0.000638	0.000000	2.500139	0.049780
0.000640	0.000000	2.500046	0.049778
0.000642	0.000000	2.499990	0.049770
0.000644	0.000000	2.499967	0.049753
0.000646	0.000000	2.499946	0.049699
0.000648	0.000000	2.499922	0.049627
0.000650	0.000000	2.499950	0.049565
0.000652	0.000000	2.500023	0.049552
0.000654	0.000000	2.500074	0.049571
0.000656	0.000000	2.500070	0.049584
0.000658	0.000000	2.500026	0.049612
0.000660	0.000000	2.499961	0.049663
0.000662	0.000000	2.499878	0.049752
0.000664	0.000000	2.499795	0.049876
0.000666	0.000000	2.499712	0.049988
0.000668	0.000000	2.499599	0.050074
0.000670	0.000000	2.499464	0.050136
0.000672	0.000000	2.499354	0.050167
0.000674	0.000000	2.499292	0.050172
0.000676	0.000000	2.499276	0.050164
0.000678	0.000000	2.499291	0.050137
0.000680	0.000000	2.499289	0.050076
0.000682	0.000000	2.499282	0.050007
0.000684	0.000000	2.499296	0.049978
0.000686	0.000000	2.499297	0.049984
0.000688	0.000000	2.499240	0.050015
0.000690	0.000000	2.499142	0.050070
0.000692	0.000000	2.499076	0.050144
0.000694	0.000000	2.499063	0.050236
0.000696	0.000000	2.499088	0.050325
0.000698	0.000000	2.499127	0.050399
0.000700	0.000000	2.499149	0.050443
0.000702	0.000000	2.499173	0.050451
0.000704	0.000000	2.499216	0.050435
0.000706	0.000000	2.499308	0.050387
0.000708	0.000000	2.499466	0.050328
0.000710	0.000000	2.499647	0.050274
0.000712	0.000000	2.499797	0.050215
0.000714	0.000000	2.499879	0.050148
0.000716	0.000000	2.499902	0.050083
0.000718	0.000000	2.499905	0.050042
0.000720	0.000000	2.499895	0.050011
0.000722	0.000000	2.499872	0.049977
0.000724	0.000000	2.499838	0.049953
0.000726	0.000000	2.499765	0.049950
0.000728	0.000000	2.499683	0.049954
0.000730	0.000000	2.499648	0.049941
0.000732	0.000000	2.499632	0.049912
0.000734	0.000000	2.499586	0.049869
0.000736	0.000000	2.499540	0.049814
0.000738	0.000000	2.499533	0.049732
0.000740	0.000000	2.499555	0.049637
0.000742	0.000000	2.499616	0.049563
0.000744	0.000000	2.499667	0.049505
0.000746	0.000000	2.499649	0.049466
0.000748	0.000000	2.499656	0.049461
0.000750	0.000000	2.499713	0.049500
0.000752	0.000000	2.499747	0.049579
0.000754	0.000000	2.499753	0.049678
0.000756	0.000000	2.499748	0.049770
0.000758	0.000000	2.499724	0.049833
0.000760	0.000000	2.499682	0.049891
0.000762	0.000000	2.499667	0.049938
0.000764	0.000000	2.499674	0.049931
0.000766	0.000000	2.499668	0.049884
0.000768	0.000000	2.499659	0.049834
0.000770	0.000000	2.499646	0.049797
0.000772	0.000000	2.499666	0.049763
0.000774	0.000000	2.499711	0.049740
0.000776	0.000000	2.499713	0.049749
0.000778	0.000000	2.499693	0.049762
0.000780	0.000000	2.499670	0.049750
0.000782	0.000000	2.499622	0.049734
0.000784	0.000000	2.499568	0.049741
0.000786	0.000000	2.499567	0.049774
0.000788	0.000000	2.499608	0.049823
0.000790	0.000000	2.499628	0.049866
0.000792	0.000000	2.499614	0.049895
0.000794	0.000000	2.499608	0.049916
0.000796	0.000000	2.499631	0.049935
0.000798	0.000000	2.499668	0.049930
0.000800	0.000000	2.499736	0.049868
0.000802	0.000000	2.499799	0.049784
0.000804	0.000000	2.499805	0.049705
0.000806	0.000000	2.499776	0.049616
0.000808	0.000000	2.499702	0.049557
0.000810	0.000000	2.499604	0.049545
0.000812	0.000000	2.499544	0.049562
0.000814	0.000000	2.499543	0.049589
0.000816	0.000000	2.499570	0.049628
0.000818	0.000000	2.499603	0.049691
0.000820	0.000000	2.499671	0.049750
0.000822	0.000000	2.499742	0.049799
0.000824	0.000000	2.499773	0.049835
0.000826	0.000000	2.499831	0.049850
0.000828	0.000000	2.499944	0.049861
0.000830	0.000000	2.500050	0.049868
0.000832	0.000000	2.500089	0.049830
0.000834	0.000000	2.500066	0.049761
0.000836	0.000000	2.500029	0.049729
0.000838	0.000000	2.499994	0.049730
0.000840	0.000000	2.499952	0.049746
0.000842	0.000000	2.499889	0.049804
0.000844	0.000000	2.499824	0.049884
0.000846	0.000000	2.499781	0.049935
0.000848	0.000000	2.499717	0.049940
0.000850	0.000000	2.499639	0.049939
0.000852	0.000000	2.499590	0.049953
0.000854	0.000000	2.499580	0.049969
0.000856	0.000000	2.499652	0.049969
0.000858	0.000000	2.499787	0.049936
0.000860	0.000000	2.499969	0.049888
0.000862	0.000000	2.500193	0.049837
0.000864	0.000000	2.500381	0.049790
0.000866	0.000000	2.500516	0.049781
0.000868	0.000000	2.500619	0.049827
0.000870	0.000000	2.500697	0.049901
0.000872	0.000000	2.500724	0.049953
0.000874	0.000000	2.500671	0.049975
0.000876	0.000000	2.500593	0.049992
0.000878	0.000000	2.500505	0.049997
0.000880	0.000000	2.500395	0.049962
0.000882	0.000000	2.500261	0.049899
0.000884	0.000000	2.500096	0.049846
0.000886	0.000000	2.499955	0.049779
0.000888	0.000000	2.499848	0.049668
0.000890	0.000000	2.499782	0.049544
0.000892	0.000000	2.499777	0.049451
0.000894	0.000000	2.499813	0.049401
0.000896	0.000000	2.499869	0.049383
0.000898	0.000000	2.499890	0.049369
0.000900	0.000000	2.499852	0.049346
0.000902	0.000000	2.499770	0.049326
0.000904	0.000000	2.499674	0.049319
0.000906	0.000000	2.499582	0.049339
0.000908	0.000000	2.499504	0.049380
0.000910	0.000000	2.499453	0.049428
0.000912	0.000000	2.499409	0.049462
0.000914	0.000000	2.499400	0.049447
0.000916	0.000000	2.499448	0.049416
0.000918	0.000000	2.499525	0.049417
0.000920	0.000000	2.499611	0.049443
0.000922	0.000000	2.499647	0.049467
0.000924	0.000000	2.499605	0.049479
0.000926	0.000000	2.499505	0.049494
0.000928	0.000000	2.499378	0.049523
0.000930	0.000000	2.499284	0.049558
0.000932	0.000000	2.499257	0.049571
0.000934	0.000000	2.499272	0.049580
0.000936	0.000000	2.499328	0.049620
0.000938	0.000000	2.499446	0.049670
0.000940	0.000000	2.499562	0.049691
0.000942	0.000000	2.499623	0.049696
0.000944	0.000000	2.499676	0.049742
0.000946	0.000000	2.499756	0.049808
0.000948	0.000000	2.499858	0.049853
0.000950	0.000000	2.499966	0.049897
0.000952	0.000000	2.500036	0.049940
0.000954	0.000000	2.500049	0.049980
0.000956	0.000000	2.500036	0.050014
0.000958	0.000000	2.500017	0.050041
0.000960	0.000000	2.499991	0.050071
0.000962	0.000000	2.499953	0.050110
0.000964	0.000000	2.499907	0.050132
0.000966	0.000000	2.499852	0.050101
0.000968	0.000000	2.499829	0.050050
0.000970	0.000000	2.499908	0.050008
0.000972	0.000000	2.500047	0.049969
0.000974	0.000000	2.500198	0.049935
0.000976	0.000000	2.500356	0.049904
0.000978	0.000000	2.500498	0.049884
0.000980	0.000000	2.500634	0.049870
0.000982	0.000000	2.500754	0.049856
0.000984	0.000000	2.500836	0.049852
0.000986	0.000000	2.500871	0.049863
0.000988	0.000000	2.500839	0.049893
0.000990	0.000000	2.500756	0.049924
0.000992	0.000000	2.500660	0.049909
0.000994	0.000000	2.500580	0.049847
0.000996	0.000000	2.500518	0.049789
0.000998	0.000000	2.500459	0.049743
0.001000	0.000000	2.500404	0.049708
0.001002	0.000000	2.500359	0.049717
0.001004	0.000000	2.500312	0.049760
0.001006	0.000000	2.500263	0.049787
0.001008	0.000000	2.500259	0.049784
0.001010	0.000000	2.500286	0.049776
0.001012	0.000000	2.500318	0.049764
0.001014	0.000000	2.500370	0.049758
0.001016	0.000000	2.500416	0.049780
0.001018	0.000000	2.500446	0.049829
0.001020	0.000000	2.500426	0.049906
0.001022	0.000000	2.500374	0.049997
0.001024	0.000000	2.500362	0.050069
0.001026	0.000000	2.500399	0.050105
0.001028	0.000000	2.500475	0.050127
0.001030	0.000000	2.500539	0.050128
0.001032	0.000000	2.500541	0.050067
0.001034	0.000000	2.500505	0.049933
0.001036	0.000000	2.500463	0.049753
0.001038	0.000000	2.500439	0.049573
0.001040	0.000000	2.500431	0.049417
0.001042	0.000000	2.500405	0.049286
0.001044	0.000000	2.500346	0.049195
0.001046	0.000000	2.500303	0.049146
0.001048	0.000000	2.500301	0.049130
0.001050	0.000000	2.500329	0.049140
0.001052	0.000000	2.500367	0.049150
0.001054	0.000000	2.500378	0.049147
0.001056	0.000000	2.500380	0.049147
0.001058	0.000000	2.500423	0.049168
0.001060	0.000000	2.500483	0.049199
0.001062	0.000000	2.500520	0.049216
0.001064	0.000000	2.500525	0.049229
0.001066	0.000000	2.500537	0.049261
0.001068	0.000000	2.500606	0.049329
0.001070	0.000000	2.500680	0.049409
0.001072	0.000000	2.500685	0.049477
0.001074	0.000000	2.500606	0.049552
0.001076	0.000000	2.500486	0.049632
0.001078	0.000000	2.500373	0.049718
0.001080	0.000000	2.500247	0.049823
0.001082	0.000000	2.500133	0.049938
0.001084	0.000000	2.500081	0.050038
0.001086	0.000000	2.500047	0.050097
0.001088	0.000000	2.500021	0.050094
0.001090	0.000000	2.500056	0.050051
0.001092	0.000000	2.500130	0.050004
0.001094	0.000000	2.500211	0.049952
0.001096	0.000000	2.500305	0.049885
0.001098	0.000000	2.500395	0.049819
0.001100	0.000000	2.500470	0.049739
0.001102	0.000000	2.500514	0.049654
0.001104	0.000000	2.500504	0.049610
0.001106	0.000000	2.500473	0.049618
0.001108	0.000000	2.500411	0.049652
0.001110	0.000000	2.500261	0.049688
0.001112	0.000000	2.500084	0.049726
0.001114	0.000000	2.499987	0.049748
0.001116	0.000000	2.499967	0.049724
0.001118	0.000000	2.499982	0.049664
0.001120	0.000000	2.500007	0.049618
0.001122	0.000000	2.500022	0.049625
0.001124	0.000000	2.500028	0.049664
0.001126	0.000000	2.500055	0.049679
0.001128	0.000000	2.500100	0.049651
0.001130	0.000000	2.500161	0.049605
0.001132	0.000000	2.500226	0.049563
0.001134	0.000000	2.500247	0.049540
0.001136	0.000000	2.500257	0.049